2140522467
1669879400
5314288081
1825573943
2387391680
1878546883
5187664653
6107560608
1624923463
3612689762
2058586920
3943206525
7069429237
7069429349
7069429136
7069429008
7070359585
7070358881
7070358885
5789134923
7069425313
5979547750
6536079187
7069427941
7070358175
7069427624
6552153159
6032540616
7069426999
5910942606
7069427361
7069426619
7069427044
7069427056
7070357334
5690584319
6017176837
7070356981
7069425322
6452009260
5242218704
5604369921
7069385512
7069425416
7069425866
7069425810
5333006231
7070355796
2809383513
7069423602
7069425025
6460918869
7070355384
7069425068
7069424948
6471854256
7069424650
7070354919
7069424683
7069424567
2120697071
7069423116
7070354664
7069424003
7069423785
7069423290
2831386773
7069423376
6019648704
7070353740
7069423224
7069422709
7069421921
7069422279
7069421773
7070352569
7070352835
7070352775
7069422587
5810235163
2342342307
7065633370
7069421864
7069421736
2150163601
7069421823
7070351859
5706033193
5851251581
6387915347
6351583307
6070873161
7069421255
7070351687
7069421398
7069421175
7069421257
5514245158
7070351548
7069420969
5339889690
7070350803
7059712797
7070351509
7070350649
7069420744
7069420740
7070350493
7069419873
2533486853
7070350181
5896148278
5998190970
5743923782
2764564695
1778758223
5997871046
3857117767
5581785513
5574737580
1392859820
6190532921
5044281310
1676995221
6094928466
2009809747
1826792401
2684863971
6088124776
5861733389
2438005160
5174400490
5762454887
5796731205
2850809427
2405882795
1676679984
3587960280
5186027114
1325263761
2397417584
1114286271
1275257254
3237921343
2320543350
5747171297
1788283193
5449687795
1713100305
5357651574
5745465813
1910171127
5747171254
2989747893
2035535844
2735327001
5745465807
5745465717
5582562907
5699800500
5625571064
5608433557
1647415197
2385010470
3908968791
1712240605
3120788962
2653317711
2680696760
2058586920
2289091913
5459673903
2010874100
1358102587
1340404854
3955287551
2715025067
1577267372
2167789302
2837547152
1666631482
1223639320
1994717937
1561335350
2074857835
2939392194
1522622622
2418432711
1011626515
3188934332
5394206608
2233218767
6112969632
6165248565
6722529674
6785575055
6391999263
6264368827
7070360633
7068142718
6320594635
6320594635
6570449338
7025381147
2283196015
6174839177
7069422063
6676469131
7069427611
7039112352
6967352040
6513032917
7021570401
7069397089
7070319823
1760476673
5660751263
6533184198
6442720471
6094407834
7070351840
6477726091
6749332104
6829236770
6035734564
6524278495
6817932459
6673374789
6466250325
6125678358
7027931181
7027931181
7070346465
7069427552
6695952883
6038165861
5750685241
6383116726
6693111110
6623986122
5187291342
6543015915
7069300364
7062956508
7056711545
6439140738
5288994969
7069427919
7039394855
6278850357
7070359172
5308829118
6517055935
6981013626
7070347165
6830554133
7069425069
7069409363
7063511540
6695651833
7068518030
5887408460
7069424189
6293170299
7070346218
2425199561
5605813435
5922847985
6593825460
6289107345
6047354408
7070291413
7069426405
7069419152
6632990074
7069419952
6981738989
6836977969
6132317702
6988510180
6309214867
7070241696
2982040204
6554059197
7068198747
6730083588
6318297130
6569484418
7070356496
1802742227
1727548672
1892464897
1968306763
1772782534
1252397723
2440179153
2620077053
1913756042
2483367733
3167532862
1899988601
5878659096
6269329742
1916659483
1645180423
6439794810
1505989231
2681498201
1792216930
2271242580
1760348560
2007341923
2732754935
2219969573
6049590367
1496883447
6336399083
2609400635
2447973003
1235919683
3515657435
1684446114
1198253935
1916350311
1785075474
1759330857
6081477649
3174185127
1253491601
1570094123
1710173801
3980995961
5888671022
1270344441
1566301073
1623886424
1345566427
1303977362
1662068793
1809054937
1732472555
1650450024
1736495592
1537790411
1730330447
1574684061
1275280670
1259193624
1642351362
5187664653
5242381821
1220924217
1192329374
1413971423
1220926753
1705094187
6072466503
1666485652
1939990910
6034707888
5943550381
1193525177
5743672670
1728974635
1787569845
1914201743
1879044834
1711599694
1276109774
6847859443
6922193248
6892181544
6793887077
6864772731
6848058135
1620822345
6792911089
2195347923
2781084837
6146773463
6518167338
5985390663
2722070772
6535947294
6374260574
6366803558
6371281078
5896457572
6109594905
3801947290
6113135298
5825002019
5606349859
6078052579
3805974759
5780166887
1873179803
5556608516
5274547947
6240493705
6160723119
6059900872
6196538497
3861177784
5919217100
5984849453
5578028130
5958128091
6077580748
3995582863
1830623060
6020474770
5980203808
6069407577
5960802296
5888620924
5967209811
6014473501
5889096410
5970360659
6137488958
2674529137
5605098212
5967597895
5246545080
6124298951
5945556446
2873272001
6089644507
5929420193
2776306023
5961038900
5940500384
5978980004
3842136305
5929733652
5975990963
5923482672
5920731393
2325155351
1898103843
1873199620
1885614183
2622002322
5804210592
5797197443
5740781531
2327751573
2351387592
5301623371
5304688934
5799036380
6543910433
1695958733
1893658655
5111277171
1079990504
1788911247
3040084317
1904039151
1282440983
2282258520
1776389122
5043624874
1736315592
5605446457
1959898820
6233216183
2650634757
2389353027
2922402750
6124700343
6066271469
5859973320
2929743983
1658850980
2314560863
6207906924
3977995721
2880335354
6395268554
2178697650
5623715908
3153980487
6256234829
1906368045
5976790228
2835043514
2255058517
5579377466
1767581073
2210397765
5585316677
1765966944
6074930760
6050033947
2846754051
1867573015
6345041417
2759751670
6042086752
1659476191
2142168143
5290334872
6135237937
5688211815
2219113140
6360912713
3100149985
5392696152
1682454721
1845315180
6132335969
6285183369
2291529971
6014734157
2320202392
2658100231
1053819755
1951894953
2176542123
1768511567
3312055695
3282775164
5247957359
6098107848
5234484603
3241609400
1826268663
1751775581
1855725343
1907542963
2589107244
5214057369
5060779616
5596806285
6159917722
7070243462
1973377923
1716973801
5704573202
6981576194
6868645872
7069412381
6586420818
7069378574
5558361300
2443381425
5125735547
5291023526
6309636584
1855352825
1624262741
3558009774
6581833500
3197876233
5671953948
2886184160
6435927909
7001375020
6631894336
3447752224
7070316859
6458998772
7069374803
5659702795
2133432031
2002709934
3300299594
5843989695
6116754308
5637491018
6577043866
1720799287
6251725490
2379749391
2776243715
3967933078
6390177067
6065395085
1159028405
1104608667
1880102354
2404995324
5970758236
6569799770
1736417197
5785176229
2175794877
6551032283
2357408921
7070250191
6218650649
5930495641
2822384577
6690820246
6989709808
6588724899
1747666141
3168980281
2426480343
5503030290
6742056317
1916121445
3119739405
2873438487
5619025044
6453706053
6860947223
5604005560
6968290566
6002451393
6095655881
5228720632
5600680661
3984086386
6357087044
3173423843
5666870438
3883448288
6493510400
5818583785
5379564657
3089080923
7069236797
2550656635
2643132712
6360882199
1695991882
5629820211
5683769078
7070165732
1309862862
1403775341
1320580541
1891859321
6340925975
6998585187
5958099003
5881732041
6545704738
5750600479
1905122791
1403915120
1227035881
2045907595
1906265857
1877111913
3587960280
5135808743
1742566624
1770768815
1793576017
2615417307
3305725362
1930752085
5647508439
6214792888
3245206251
2590261343
6157476844
1905659333
6102785602
3268987835
6033782676
1655665171
5176082663
1900022001
1668293725
2268869983
3063117037
1721297761
3390570594
1908248274
1800816823
1341902602
3483957774
3306279953
1189615035
5847933040
1962982405
5572657545
3215011561
2130434435
2006277991
2271522904
2639934773
3223646811
2188971353
1713961440
2207710145
5050073098
1657270155
2730756070
1698513182
2683135963
2798182394
5175353405
3083675102
1147649171
5131014784
2142168143
1800991937
1763576605
3197025334
2896454911
1289037377
2540656597
1879308034
1892463935
1660032064
1774895330
6912104257
6883144909
5850293958
1993152387
6788979509
7064033953
7058188803
7068157728
7065991027
2247482172
6240442859
5736153600
6111158021
6449436760
2970302900
7070254436
1785343951
7069205042
6241321261
5930245530
2474672737
5219412064
6456512735
5730248986
2269029900
5493780736
1354942325
5665268290
3218930614
6672467150
1671006560
2142092895
6509025801
6687272212
6321961259
6801930199
6329176125
7040770224
5654859826
6318981339
2786652715
6326922779
6742540731
6259868325
2160264152
6287931151
6257914487
6564640713
5855849373
6625698513
6012973198
5547958258
5488039140
5348539088
2497248351
6101759950
6960433849
5323676281
3191524917
6741521680
2803308661
6029095195
7055203982
5683247026
7070304112
3198321643
6872786388
3562090592
5958244602
5872160256
2924062252
5850582872
1715871152
7070269777
6484157906
5978898148
5779317039
6048569623
7069273435
6990125562
7035871982
5723070059
6981504956
5590831027
3262780912
6119091391
5686688819
7064970773
5660486597
5609128337
6684174880
3734915171
5699433708
6971836002
1879704947
5270267835
1780335021
2131096727
7065660727
5975242083
5646899336
6135107261
1815418641
1863882710
2865367644
2021596693
1826792401
2099708877
5720474518
1087770692
2649780305
1213328234
1728650035
1674585283
1738498871
2719150250
1805837931
3941554240
1787820695
3058754737
5675300793
5456396309
1300957955
5746403289
1730726637
1259110474
5605297685
6047199468
5340023314
2706896955
2619723465
1663559265
2851547981
3101306771
5863890871
1795196332
1712570933
1794712835
1851770484
2865101843
3167305545
5044705593
1096778425
2714280233
1828483985
3974469906
1756505647
1284172980
6044064544
3803127031
1764310194
5138579079
3316144700
5984691065
2431578944
1651602690
1814284757
1878206395
1192329374
3440325930
5507169462
1885797120
1605570342
2823738074
3644441127
3622517191
5454806466
2677589285
1713926427
1252103722
1878546883
1796647451
5243061255
1836384951
2141576803
2476006692
2447680824
1649051112
5404662988
1785402065
5512941144
5952963599
7065610525
5936947452
7070347754
7043424614
5219412064
2868926640
2830647371
6901834668
6181188904
7064433286
5688889755
7069342796
6347468264
6014919310
7065466590
7067492267
6857513505
6588687429
5738334381
7069176156
6862175794
7057688110
6101759950
5689487770
7055203982
1920685397
1962989902
5692141306
6195956051
5311391886
5067664944
5272846294
7063959954
2435207424
5723070059
3262780912
5243990056
5660486597
5699433708
3889969487
1024925217
6671907953
6832512300
6000115860
3849604971
7070233969
5576133515
7068244660
6570272676
6141367443
6589451703
7068867924
5706084915
6302222747
6748822126
6523174795
6121771506
5677727893
5838005398
6193454156
5312866492
6628771678
7065211638
6911256709
7043786860
5846264138
6510786665
6134353116
6521571428
6375186839
6023632592
6790269808
6633560916
7025175400
6210708362
7060721481
6637249474
6274776739
6532421407
6401019688
5656338858
6389858671
6435420334
6292594751
7070185299
3626583680
6199360699
6493055225
2700692004
5650016603
7067708648
2311350875
5183713984
6050265036
6108045527
7069240081
3185488943
6814850135
2993049293
6671325315
1196624615
1738071264
5067607858
3206603957
1402620475
6054510332
1872721803
2776631980
1663305947
1788052133
1884277373
6079223911
1915411290
1727548672
1801055875
2803301701
1608574203
1712570933
1214435497
1768294591
2813038723
1434624975
1691328753
5543153302
1683814612
2150239505
3695087930
2902973267
1887161802
2948913314
1692544657
5187664653
1195230310
1192329374
2824612874
1656251644
1732406772
1730077315
1406212861
1511484000
2218128447
1449902701
1768824854
2854714354
2039592862
1771755505
1363452510
1798196184
1289093933
1697795025
2169895307
2140357952
2310164022
1263762522
2147152065
1750754003
1066895221
1970755117
1703375634
1735828413
2157496854
1918710535
2250275122
1262687774
2073953922
1400412682
1105096765
1645924300
1281928792
1652375801
1834628251
1756925055
1034907685
1938701213
1919014323
1298916881
1653772520
1417673773
6598411360
5676122782
6575138156
6046016237
5395936632
6030205971
3529363301
3044543872
1777547760
2919984662
2671109275
2140522467
5100864185
6506071794
7043846809
1659273132
6251616695
1876279531
3799587114
6508736454
1945645365
6373678309
5043602253
6065763842
2320711045
6543396571
5080090130
2820335395
2977834825
3193491050
3282913214
5537647515
6144237310
2628297355
5752254275
1793124370
6236025144
2788690084
5676122782
6484387185
6242046598
3989461850
1108677031
1752853115
2162124123
5789131672
3129516717
2217697232
6484450734
5604106043
1677327611
5784997177
1867164807
6397466554
5847366436
1734262824
1700074111
5702803082
5696233038
6383126899
6030205971
2351778945
1985551380
6178408984
1677082743
6046016237
3945917804
3517872952
3101275054
1772744045
5495253765
1985393563
5497993620
2478442927
3622517191
2209962737
1713926427
2714280233
7054156207
6679889460
5890391983
6509558959
6894722650
5732503104
6318730272
6214854140
1989454741
2856756930
6820163295
5827887004
5517291178
6509477567
5975299343
1876434657
6491496603
5692487151
6469258632
5206839423
6469258632
5206839423
5596301886
5366639270
6505578403
5666392409
7065937696
3937787211
5596922385
3655724910
7000012399
5869959622
6993194369
7068386402
6211818964
6106273877
7070371046
2139650953
6377085677
7047990226
6193637150
6490064416
7057751133
6877986530
7070372014
6311669732
2988099641
5911086292
7003674704
1750081483
7003674704
1750081483
6940343671
6322396712
6418028532
6696219581
1528383441
2826100782
5309270956
1029830234
7054028546
5890450912
2267696834
7063512084
2177071083
7070356918
6015880268
7069397001
5613349290
6662649759
6854694285
6409976106
7064310129
5949636720
6964099761
1944008817
7012912425
5266198822
6026728811
2564149711
1652181371
6656328144
6004754293
7046238002
5496426855
5994677959
6166762655
5519588262
1243374655
5556397311
5988390406
7069440943
2274987277
6734715306
5711871502
6683051122
6424623855
5187185904
6028301899
7020075837
1566301073
1288739185
1288345514
1822796164
2003884457
1197369013
6428209224
1413971423
1632234453
1195242865
5186027114
1223179064
2111083372
3587960280
1571904063
2945931603
5743923782
2715025067
1312412824
1296492733
1262456801
1713031610
1722594714
1252397723
1276314124
1722656062
5523941714
1821525001
5077446577
1378010100
1767840980
1259193624
1730330447
1692544657
1191042674
1435869303
1313377827
1315469422
1863345053
1805286132
1670311557
1792928074
1224672814
5737325620
3252743925
1707679453
1802742227
1223450301
1257818405
1320355271
1715722803
1227328177
5617768139
2646681810
1595233933
1687321911
3623353053
2812335943
2609400635
1705586121
1677856077
2706896955
2107123611
1218869573
1533789260
2656274875
2175173250
2105725645
2270636385
1790790973
1077017335
5119853579
1894708010
1625438880
1197191492
2034565060
1246788271
1317052044
1517934944
1395738842
5443946411
6074691616
6663685430
6070270390
6661812424
6661911454
6662031990
6640434555
6662514320
6662502763
6536301350
6640546921
6082216221
6643438529
6583402186
6187233146
6087319196
6075374407
6537188538
5995018153
6538728156
6086719362
6599716930
6500868571
3097521307
2286478980
6578104099
6535031359
6082296401
2319648330
6535113073
6073914834
6540374091
6538462836
1618135971
5984447992
6500794586
6517827261
6446358735
6516176242
6491187805
6075393523
6074643181
6469833090
6469720181
1349313903
3595131960
6074681247
1440582837
1685195394
3884284274
6047276819
3236967042
5803141768
5957572111
5969419195
3861557240
1273146995
3852172041
3003607341
5548580293
5874866164
3863361500
5044789926
5013901253
5579961649
5632942086
5583016619
3636309192
5793042550
5367544883
5695506689
5639161483
5648674780
5774462619
5536598639
5280435978
5593732273
5376403889
1624923463
2713968254
6439797786
2756807177
1280784723
1738498871
5829824481
1837638812
6336710565
5456865382
1594052081
1172294045
3228634923
1537790411
6337234637
1865901305
2403894253
1994516565
2970452952
1897509683
3147292215
2608419283
1713031610
2975979770
1721401001
2870450862
3679072611
1227086635
1669879400
2850809427
1276109774
2674018164
5743923782
2715025067
1219847813
1256857734
1246229612
1378010100
1847672711
1815418641
5411548122
1721030997
1262456801
1223179064
3021514657
1239246050
1782432341
1278089051
1263642520
1665074831
1173544654
1788283193
5583016619
2703645582
5109911143
2671109275
1426725707
1705180884
1378915695
1771925961
1642351362
1242213702
2706896955
3653487227
1768198384
5608433557
1289986124
2518586217
1739046981
1814259927
5357651574
1891502860
1259193624
1730726637
1678105910
2326437920
1740019791
1749127163
1294053670
1676082433
6511801033
6025844708
7012547105
6633059046
5404079147
5922739317
5085621608
5733487831
6009156970
5621776617
6614274594
7012561378
6386686426
5394772814
6028701707
6531734940
6339586864
6601618628
6456446206
1119948800
6108180270
6901133690
6986439171
6966977311
6358667396
6234780289
6091381061
6209187548
6545897006
2579064483
6556656700
5976391678
6146437036
1851265974
5382897936
5632228045
6962688152
6753510879
6298197838
6580320106
1578720721
6083519024
5515629699
5015334677
6990922908
3533687150
5890192572
6098026677
6033473776
5645255694
6113018319
5700660730
6313047055
5872434242
5681990242
6153279533
6504620699
6180374340
6160041183
6286022926
6457087238
2417192782
5518152678
7068133336
5744709963
6044906214
5393353962
6058162455
6097467816
1784973575
6443004217
5629665310
6526405723
3817889284
5773713975
6320581622
5673782287
2889364883
6833199288
6505306198
6820363076
7002265044
5077935444
6577267296
6035814789
6034677196
3267214672
1676180470
5187568804
6513421093
7070354354
6476238730
5760940308
7020440292
7006044680
6501961742
6373642377
7069426139
5306878687
6032540616
3587960280
2850809427
1233628161
1491569192
1561335350
6034336480
1635945587
2171202681
1151248651
5523533122
3257521813
5581896125
1236762247
1703065202
1647392741
2140522467
1195267380
1295674790
1848860477
5641914656
2803301701
2934703965
3869224184
2511204502
1672607964
2144538415
1641323510
2642819391
1929905027
1892680923
1826420741
2477400520
2481505190
2089761527
2387810592
1114286271
1625293545
6907351633
5342107474
2065434595
2643857872
5904369414
6025796699
6194234444
5716198640
6436073834
2659505894
6936545528
3301267724
6935761452
1810505280
6942451290
6940753890
5327580506
1910864107
6034594156
6068175997
5340433164
6523467600
5648882254
5878674175
5036747556
7015586297
5192955755
2061082801
5833754249
6059282565
3165360813
3846391571
3488361830
3494738897
3602658921
3867689962
3847981196
2345934342
2311375524
5375195882
2359961534
2350661514
2812375777
3494748710
2435647045
3518212344
2360313090
1793272297
3846092701
5722316592
2356254810
5643653165
2709320517
3846107565
3031083040
3518211401
2944785993
5779761952
3518556433
3837012146
3867614577
2656051375
3499101174
5740785041
2062752231
2308080422
2810161475
3494750537
3276567642
5759878671
3161520874
3518188950
3847719547
5618011405
2160221045
5739338814
3518189903
3867596784
3465068930
2918633695
3518187110
5919642034
5281885080
3867616443
2313843580
2934805195
3518188007
2832434075
3738390745
2352964180
3494748643
2932150097
2343619730
3518220407
5139654561
2308001314
3867609636
3499057745
3518551762
3123752330
5994510932
5888671022
5716198640
3320180434
1810505280
1720788860
2103197132
6134965271
5730557433
1794023767
6421601178
2307914503
2154058603
2060818654
2061082801
1350610480
2608591167
3212434664
5861669187
6618470579
1951851847
5629289964
7040228980
6576571289
1909229055
2007773557
5643224579
5361806447
1191220232
6663939583
1671618684
2155153373
6697755167
5638286646
5836420434
5174400490
6723572116
2676993147
1893829167
3911558393
1684408200
1745274791
1694613760
2793181640
2120752124
2268083164
1959650630
6770872587
2884461472
6026802155
5587677731
1793640892
5883186687
1192504311
5098741263
1392659117
3705308530
3251379074
2766134004
1824301624
5713551544
1746383931
2717603311
6440135892
3672266111
2702339024
6467934491
6649471200
5519431661
3307804634
5105591532
3687478900
1917779725
5878659096
1167395430
1929266145
1192329893
1238712252
5332782415
5705359013
7069149991
7069447186
7065968033
7064223286
7043640980
7019554205
6871051089
6662804307
5671334813
6915732530
7059847764
7070318723
6463807618
7054493701
7068477465
7070372908
5889312624
3183997327
6993838968
6884141572
6031384691
6622323605
7023746487
7069443220
6051456213
7066367989
7067531782
7070374775
7069441101
6435241338
7056006406
7070357217
6522865396
7069212831
6593908564
2433469844
7067550165
6774570571
7070372004
2448138350
7069442234
6605309611
6278246831
6324216614
7069299433
7067222954
7057261287
6599165303
7019206372
7069441648
7069431898
6451551611
7070369952
7022842624
7070371251
7069152797
5868095260
7070365036
7033968304
7069443623
7056804377
1557867434
6995983014
5627342189
7070202114
7070361345
6941257598
6602475301
6991432361
7070359686
6991672164
7069377093
7069249368
6758555191
6439748917
7069435707
6117302596
7070371669
5652278602
7066366224
7030160072
7070373788
6333426581
7070104760
5465980547
7034668232
7026735382
6934798458
6398891671
7069438829
3601394052
6423297746
6974706917
6591247321
7070361351
6142170780
6872040232
6099764115
6584701798
7020075837
1808910334
6989405838
6634214154
2353363015
6680717180
2081681517
2580571483
5906281892
3199596797
1892680725
3286458180
2956769713
1912553497
5644764907
2193518494
3800480136
1837468825
1197362373
1308656004
2029906001
1776448504
2447034645
6408414755
5912106762
5615627418
6068133006
2993307872
1101675253
5350509769
3815417506
1778742953
1256857734
1150085822
2130434435
1197755162
3820754851
2145369343
2746296141
1246130430
6202737026
1776845763
2183487935
2295389250
1320135280
1225419417
5743923782
2715025067
1740346671
3174185127
1408867862
3587960280
1286584512
1916655407
1785075474
1223179064
1304194202
5186027114
1793285524
2103206685
1927706047
3348078992
5888671022
1270344441
1885797120
1442576407
1880246651
1288739185
1290364693
1809054937
1744825334
1303977362
1312412824
6065218966
2902408801
3623353053
2609400635
2812335943
1669879400
1551265747
1043848755
1470110647
1156966391
1866402485
1676317545
3237705130
1875088617
2058586920
1227078145
1782432341
2387391680
5349343449
6211518728
6336239451
6017193327
5945713163
6438896301
2003315773
5034220885
7027982853
7066715434
3163291474
6229293629
6649459888
6022366140
6031711977
5758118549
6161230332
2668752183
5895735292
5730025375
6345648500
7078852879
5938589145
5984559265
3261962825
5186098340
5850625840
5136303076
6019161407
6537872316
5264287796
5685879393
5383061747
5827802270
5701284033
6265455690
6286755069
6027216587
5729060183
7078847269
6095655888
7076397993
5961141145
6001056151
6353107460
6969308415
6507171623
6177448225
6050271672
5235631863
3587960280
2850809427
1233628161
1491569192
1561335350
6034336480
1635945587
2171202681
1151248651
5523533122
3257521813
5581896125
1236762247
1703065202
1647392741
2140522467
1195267380
1295674790
1848860477
5641914656
2803301701
2934703965
3869224184
2511204502
1672607964
2144538415
1641323510
2642819391
1929905027
1892680923
1826420741
2477400520
2481505190
2089761527
2387810592
1114286271
1625293545
2889678664
6410693222
5883035051
6003879979
5191131026
7078848619
5915776218
7027982853
6064970156
6015845754
5938589145
6626789047
7075455124
5764841452
3662787565
7009727713
5993097544
7078279723
6851711176
6065891255
3229909744
5907230071
3382645874
6283787565
5114749333
3210553441
5058502160
1901963503
6721333332
6047592478
6165942605
6240088391
5245514287
1974746930
6765964047
5310690078
6137858557
5974559351
5992393153
6097989824
7078251778
5432668028
6213279908
6205704789
6814001279
6128325591
6111947704
5149159157
5852845237
6939980995
6915033650
2882617115
5261263846
5878659096
6804802357
5743923782
5174400490
2682873951
5136362277
2803301701
1654164742
2850809427
5581785513
2715025067
2016713117
3587960280
5134019497
5357651574
2737798435
3855082789
6221978162
5578446658
6529888450
5814987871
7078280351
1942014782
6517888916
3907570093
6968528088
5520004197
5912413640
5326636288
3179516303
5212554882
5661306511
5670827929
3566515257
5817279159
1908963217
5462429251
6875823258
5258146502
6891225808
6894958526
6074537721
6477199808
6440914813
7078856883
2596868832
6576400414
6478804179
5034498700
6401476687
6324681266
6392824033
6210552422
6427851813
6180616791
2763722092
5579960503
2432010401
6372821408
2183146595
6782229522
2161302631
2921108147
5409739193
6067682882
6621230735
6758598358
1288739185
6980469769
3587960280
1989519725
6570839138
2851948151
2146827183
1667860154
1506711913
2131819280
1815418641
1182419921
1320135280
1738171957
1263498570
2687827715
1747514562
1825457341
1907767253
1692091970
5375583682
5031163331
3228634923
6292896728
1757744065
1672272373
1687198333
2714280233
2193732421
1738933752
6100165591
2577147472
2425386292
1656809190
1246130430
1309302077
2675992843
1713031610
1312412824
1262456801
1647415197
2141791335
1965715555
2304209827
2643952554
1899323763
3269548101
3197128205
1778742953
5603453107
1197191492
1337970873
5643643080
1801028707
5709892136
1909622397
1769901755
1841247897
1742566624
1670183810
5860396380
5077446577
2307519535
1414898045
1916655407
1200260182
2149069737
2113076563
1622967225
1191258123
1240067740
1496070307
1196461685
1255260021
1299116360
1571904063
5623374073
1970829373
2089042141
1228322981
1642630543
2006277991
1879241531
1812059615
2346733525
1427393581
1620504162
1345467925
1132422373
1191979833
1662766362
2210168325
1299654943
1863847262
1803259861
1646289427
1824405847
1068721420
5236534073
1632538541
1366536152
1726121652
1408276294
1195210033
1286075927
1751675285
2012700325
1659514833
2470360590
2485052913
1514813941
1049198655
1242058320
3249394324
1099206073
1566301073
5102558745
1876013145
1907542963
1226321165
1730330447
2185627327
3171364240
1391683621
1823532455
1731769015
1698544230
2350068421
1747913543
1642591402
2282599351
2140585607
2959835822
1911791031
2259289921
1101934040
1689138247
1217383545
1870550483
1843191307
1959480231
3472228360
1835787161
2373564081
1762436132
1236589902
2285418065
2950604120
1076186033
2298796433
6875823258
6863139544
7076898661
6546724651
6558175705
6986197448
5784871681
5713220325
3028091635
6332753242
6599513033
6380086584
3078602854
2733598785
7071661124
6979531463
7030704938
6356919323
6900232482
5587960576
3009923895
5747721089
7077449488
2714109241
6326714155
2462017184
6447867172
5883809055
6047255771
3315710364
7062602038
2882359153
3674616374
6235619004
6601647430
7010228435
6688911005
6369002047
5657802237
6301177349
6978486259
6349701281
6373945972
6766377954
6297473924
5039614701
5152437020
7065759274
5743014944
6810413993
6634214154
2353363015
5646899336
6135107261
1815418641
1863882710
2021596693
1826792401
2099708877
5720474518
1087770692
2649780305
1728650035
1738498871
1805837931
3058754737
5675300793
5456396309
1300957955
5746403289
1730726637
1259110474
5605297685
6047199468
5340023314
2706896955
2619723465
1663559265
2851547981
3101306771
1795196332
1712570933
1794712835
1851770484
2865101843
3167305545
1096778425
2714280233
3974469906
1756505647
1284172980
6044064544
3803127031
1764310194
3316144700
5984691065
1651602690
1814284757
1878206395
1192329374
3440325930
5507169462
1885797120
1605570342
2823738074
3644441127
3622517191
5454806466
2677589285
1713926427
1252103722
1878546883
1796647451
5243061255
1836384951
2141576803
2447680824
1649051112
5404662988
1785402065
3217179555
1737588567
5311984767
1427285614
5157260204
2663051441
2635598932
2855071827
3018218007
1915458005
3630172281
1673323584
1852931021
1644395354
1940798632
2576612330
2508522380
1609648201
1442714335
1848075162
1742566624
1740094442
2169918513
1402620475
1826395011
1418417002
2285808060
2594186795
1862974331
2475326144
1996644105
2561672995
2406169191
2243244911
1739977222
2398050862
1757867047
1862281745
2114385034
2106756007
2014301960
2058501070
1760710390
2639875244
7075882782
7076890597
7076465413
7076656203
7077555168
7076497041
7078862511
7078862744
6193213837
7076991944
7077319328
7078862298
7078291171
7077700591
7076469173
7077370636
5984071079
7075975439
7076886803
3244759847
7076187710
7076079365
7076563944
7077915692
7077115020
5983750637
7075984328
7076614202
7078855340
7077370458
7078860118
7077290038
7077115187
7076047815
7078287737
5724236502
7076068031
7076491029
7076182619
7076988491
7076617061
7078286934
7077509165
7077143024
7075903101
6751350186
7077287818
7077739470
7076884490
5921467918
2850809427
5174400490
3587960280
1773914915
6112650844
2609372811
2723701153
1798396797
1397724893
1853683251
1668149421
2111587917
1497714725
1458849051
6218270864
1255693601
1916864813
6004256129
6367098046
3287598137
1881041895
6228298493
1890443153
1653520707
2835724503
1452977132
6700275696
3694919990
5746884961
2956769713
1913273352
1971315585
6329516992
2951619845
1865901305
1767819164
6241125976
3089478663
1202041202
1622324835
6500729310
5631887780
5679073045
6600591601
5581785513
1912553497
1167420103
1886746573
1953672701
1642500775
2202911004
1972796935
2742196924
2131127430
1720889677
1854000613
1741598591
5845710374
1684669412
1036326782
6475499567
1930976897
1977344415
6563777680
1744186551
6550432447
1682631333
1431840622
2808672971
6252841803
1654988432
2550885753
1853080083
5392718760
2178720103
1213172672
1222330811
2063372471
1685442861
2346090667
3286458180
1610981697
1848820747
6097248903
5632589443
1942841887
1897315345
1197196873
1704089602
1745477701
1882224421
3800478724
1663560595
1791576991
5978831149
5656296353
1806174341
1375418014
3987507971
5792055338
1084765950
6407426882
6351694466
5479992479
1267035120
2489760994
2846382885
2339953802
1745692327
6061301960
1644783434
6257089628
6244515095
5928772680
1195054531
5869834778
3161952870
5446382032
3976752361
5382651212
1283927443
3159857872
1301658874
5700331188
3220414892
5911119623
3800206864
1920214743
3802898310
3052592005
2309255723
1229385395
3239835472
1841543754
1750972611
46754431
1192966660
1664325643
1874064275
3314313317
2432389593
1685952482
1458272587
2024085521
6220414040
5633975304
2966933542
2404097927
1711169957
7078865300
7078292463
1855510030
6297762488
6905949414
2574298520
6268911076
7078860850
7078288090
7078859710
7078858107
5599864524
7078857975
7078286151
2327790382
7078856652
7078856165
7078284200
7078283488
6325979183
6990843970
7078283413
7078283376
7078282933
7078854082
7078853012
7078282489
7078204223
7078281105
5821347697
6627001166
7078277729
7078277361
7078276889
7078848065
5341163156
5288931430
7078274029
7078273318
6165415642
6538289133
2178613922
7078840914
7078839723
5652456250
6399632755
6279734070
7078266725
6509771543
7078835281
6819813329
6447972878
6602800399
2450497170
6250649142
5523451245
6747638755
7035572057
5191297558
5757423160
5116427368
3769133314
7076695598
6871485397
2105411321
1734614763
3097054411
5806833070
6772597438
6995509459
1823571764
5646970603
5874423383
2501968141
1961845025
5866301574
2721684533
5656484557
7073866835
2293598823
2347721974
6015351248
5523129730
5161438916
7039473750
5533278925
6463400399
5394388736
6523937398
7078260558
6001863676
2033739635
6296572784
6590091653
1437950493
7078136758
6437522359
2981591797
5857014994
7042891673
2850809427
5182575519
5743923782
2715025067
1808624312
1701600025
1193491727
1749127163
1392968862
1698233740
1497882593
1898385314
1900093290
1496811344
1650337752
1182391231
1645546774
2317523915
1040482460
1834976237
1721825977
1655204552
1831503841
1900195764
1657776532
1641287674
1690385133
1222713954
1729853157
1569160390
1197890497
1738261305
1649005320
1765373140
1654715720
1233536692
1896624967
1653714227
1550877863
1007343817
1880260687
1863057363
1219795431
1708942053
1890943125
1651079022
1803519527
1042026447
1263837867
1661467601
1187986757
1197161814
1717871843
1869553017
1880096187
1854634307
1257424323
1400882463
1564391452
1748170397
6155368094
1771435704
6660178929
2728491325
5932379770
5839072874
5843616063
6771159927
6893284957
7076787288
6995426860
3649761510
5021550745
2374845492
5455479728
6998542195
6616912517
6031789061
5936760769
6538016326
6017623029
6158608500
6455233732
7078847638
6605169020
6062323163
5311597531
5985270367
6313961638
6482271257
3197267477
7071465709
6294763404
6720862526
5511791264
5631104358
6349534435
7078807010
5247619589
5747587331
2381903354
5993789798
5614387625
5703011416
1448618761
6132582520
1219155630
6620804862
5865561714
6569662637
5443667754
3266943013
6053892459
3816595899
2809041107
1782874742
2268116432
1877509425
1871729063
3237705130
1862928653
2882617115
2715025067
6371852024
1970879995
2803301701
5060167312
2850809427
6336710565
3199748583
1310558290
3941354960
5581785513
5762454887
1892625005
5743923782
6045894747
2748597475
3587960280
3774161214
2556141580
3103993785
1911767681
1686990012
2737798435
2810147604
2653995337
2683897133
2155869303
2489009862
2042047033
1912114287
2245360450
2203911601
1980299871
2167996057
2156418850
2156900580
2164014972
2167503921
2162981444
2162938922
2160678071
2158775915
2156905184
2161401677
2171185321
2003780975
2160684075
2169854255
2169313865
1990599237
2082615577
2043135223
2041697725
2173038604
2166027074
2172148242
2001981217
2171696541
2162437450
1825304583
1688511087
1725171134
1762220541
1782688763
3235175985
1771435704
6660178929
2728491325
6148199624
5932379770
3246118075
6893284957
5638186444
6995426860
2374845492
6341603298
5874423383
6031789061
5689182918
5936760769
6063463636
6164125197
6017623029
7078847638
7077096260
6455233732
7056109785
5985270367
5645680934
7071465709
6820622295
6294763404
3028601213
6680473323
1696487994
6349534435
6857791692
7078807010
5186724388
5247619589
2381903354
6050176502
5703011416
1448618761
6132582520
3889593187
5499047501
5414318783
1219155630
5520921849
7063818066
1669316340
1142411321
3869531128
5743923782
2715025067
3960037780
3044746573
5762454887
1823887605
1749990115
1618051664
2127460165
1893892941
1191262305
1718493627
1644948230
1402977920
2525235360
1973319807
5549605449
1865154537
1851726313
1879192935
1703010470
1747774447
2003217771
3941354960
1880883723
1871729063
2975787954
2810373291
2137271907
1844770327
1655363172
2258727970
1191965271
1935329541
5156632566
1825107551
5969336048
1851774145
1678882014
2075780827
1875088617
3552074150
5166343259
1459507082
6008456989
1974576991
5503968735
1892723783
1784473157
5133090466
5605779473
1847256633
1854563221
1663414103
3624694175
1870688711
1865345137
2842266491
1875379117
2418433987
1862928653
3403473360
1896570242
3937348351
5086478967
5372823773
1768409523
2312126152
5090985947
2748597475
1916627235
1047467705
5240366229
2773481583
3477370701
1958015870
5125808724
3935630939
5097650299
2131582133
3289559057
3449307560
2492779894
3978191482
5050342792
1729332983
2611704881
1823018463
3905092477
1726918143
1852893050
3081964765
1827578857
3175283077
3900044445
1851755225
2752396553
3088143151
1666177401
2611614624
2056473222
1816483987
1747104004
2469083980
2806934982
1928118655
2152024140
1875333245
2007354747
1225314032
3379197282
2088597413
1513934187
2656274875
1659619722
2454123492
2112822270
2088589593
2845177850
2062319503
1699432410
2662515871
1883829311
3060557547
2200585927
1771069505
2672236923
2401858071
1996732767
1847193755
2171392531
2211696575
2483706624
1750422850
1604522082
1911123793
1717840491
2106069951
1824354744
2049424702
1878731813
1220627172
1750775881
2307673785
2436325324
1797762971
1832449305
1855497713
1764044887
2357908275
2728491325
6893284957
5684194489
6028777008
6062323163
6618280098
5229270673
6755602070
3197267477
7071465709
6451609691
6294763404
6218152255
7078807010
5565149852
1563982494
6994110984
5932304477
6589813942
6975002645
7058357634
7058753659
5507407215
6495279392
6968263274
6421205060
6631115683
2911663213
2833879855
6597974260
5068812902
5316363659
5449609625
1698522584
6506975760
5384917282
6024716269
6628020287
6989300443
2844101577
6058113640
5701705328
6485251087
5790120611
5542656867
6014589205
5446813256
6435474185
5913886969
5891252679
1878136331
1747774447
1191965271
1973319807
6728786240
6079550516
2376916624
1907706047
6079900966
5268976954
2271848313
5467852665
5339555851
5086862797
2449767237
3506728370
1707613190
5174400490
5743923782
5762454887
3941354960
5996184614
1459507082
5563089830
6190532921
1850988623
1195054531
6000208460
5208067255
2405882795
1726834811
5186027114
1721030997
2028734565
2831541162
6034707888
2715025067
2850809427
5974856590
5984073530
2748597475
5760257306
1609648201
1878546883
5149658612
2423907245
1642629063
1750067330
3587960280
3044746573
1938311987
2842266491
5545466650
5166343259
1747104004
1784473157
1212641822
1216903164
5262426640
3959225305
2953031917
5887581312
5044281310
1974576991
2611704935
1739746697
1742566624
1708159150
1878134457
5177052315
1973665271
1691724254
5267903798
2138751751
5788345141
1891849065
1865345137
5208625512
5752362615
2418433987
5581785513
3882879808
2056401204
1853565117
3835965033
2975787954
5614523332
2501828122
1887685537
2041959663
2044427781
3624694175
1879192935
2003217771
2463587014
1768409523
2100623570
2738672840
3937348351
1878323355
5515761458
1644948230
1402977920
1709157165
1880883723
1581316265
3695814584
3894391642
1949701212
2155653790
5182575519
1851766841
3237705130
2656274875
3698834761
1901559451
5357651574
3205440600
2812986450
1220739994
2810373291
1699432410
3549643641
1949305184
1605318373
1425008695
3095652627
5131768268
3949597992
5109442873
2735043873
3279827547
1047467705
1904769205
3786137234
3972623000
2815215592
1726918143
2187673104
1644114654
3585650132
1873625985
1875379117
1875333245
1892723783
1998766813
2001981217
2359160964
3265575710
