1470110647
1156966391
1866402485
1676317545
3237705130
1875088617
2058586920
1227078145
1782432341
2387391680
5349343449
6211518728
6336239451
6017193327
5945713163
6438896301
2003315773
5034220885
7027982853
7066715434
3163291474
6229293629
6649459888
6022366140
6031711977
5758118549
6161230332
2668752183
5895735292
5730025375
6345648500
7078852879
5938589145
5984559265
3261962825
5186098340
5850625840
5136303076
6019161407
6537872316
5264287796
5685879393
5383061747
5827802270
5701284033
6265455690
6286755069
6027216587
5729060183
7078847269
6095655888
7076397993
5961141145
6001056151
6353107460
6969308415
6507171623
6177448225
6050271672
5235631863
3587960280
2850809427
1233628161
1491569192
1561335350
6034336480
1635945587
2171202681
1151248651
5523533122
3257521813
5581896125
1236762247
1703065202
1647392741
2140522467
1195267380
1295674790
1848860477
5641914656
2803301701
2934703965
3869224184
2511204502
1672607964
2144538415
1641323510
2642819391
1929905027
1892680923
1826420741
2477400520
2481505190
2089761527
2387810592
1114286271
1625293545
2889678664
6410693222
5883035051
6003879979
5191131026
7078848619
5915776218
7027982853
6064970156
6015845754
5938589145
6626789047
7075455124
5764841452
3662787565
7009727713
5993097544
7078279723
6851711176
6065891255
3229909744
5907230071
3382645874
6283787565
5114749333
3210553441
5058502160
1901963503
6721333332
6047592478
6165942605
6240088391
5245514287
1974746930
6765964047
5310690078
6137858557
5974559351
5992393153
6097989824
7078251778
5432668028
6213279908
6205704789
6814001279
6128325591
6111947704
5149159157
5852845237
6939980995
6915033650
2882617115
5261263846
5878659096
6804802357
5743923782
5174400490
2682873951
5136362277
2803301701
1654164742
2850809427
5581785513
2715025067
2016713117
3587960280
5134019497
5357651574
2737798435
3855082789
6221978162
5578446658
6529888450
5814987871
7078280351
1942014782
6517888916
3907570093
6968528088
5520004197
5912413640
5326636288
3179516303
5212554882
5661306511
5670827929
3566515257
5817279159
1908963217
5462429251
6875823258
5258146502
6891225808
6894958526
6074537721
6477199808
6440914813
7078856883
2596868832
6576400414
6478804179
5034498700
6401476687
6324681266
6392824033
6210552422
6427851813
6180616791
2763722092
5579960503
2432010401
6372821408
2183146595
6782229522
2161302631
2921108147
5409739193
6067682882
6621230735
6758598358
1288739185
6980469769
3587960280
1989519725
6570839138
2851948151
2146827183
1667860154
1506711913
2131819280
1815418641
1182419921
1320135280
1738171957
1263498570
2687827715
1747514562
1825457341
1907767253
1692091970
5375583682
5031163331
3228634923
6292896728
1757744065
1672272373
1687198333
2714280233
2193732421
1738933752
6100165591
2577147472
2425386292
1656809190
1246130430
1309302077
2675992843
1713031610
1312412824
1262456801
1647415197
2141791335
1965715555
2304209827
2643952554
1899323763
3269548101
3197128205
1778742953
5603453107
1197191492
1337970873
5643643080
1801028707
5709892136
1909622397
1769901755
1841247897
1742566624
1670183810
5860396380
5077446577
2307519535
1414898045
1916655407
1200260182
2149069737
2113076563
1622967225
1191258123
1240067740
1496070307
1196461685
1255260021
1299116360
1571904063
5623374073
1970829373
2089042141
1228322981
1642630543
2006277991
1879241531
1812059615
2346733525
1427393581
1620504162
1345467925
1132422373
1191979833
1662766362
2210168325
1299654943
1863847262
1803259861
1646289427
1824405847
1068721420
5236534073
1632538541
1366536152
1726121652
1408276294
1195210033
1286075927
1751675285
2012700325
1659514833
2470360590
2485052913
1514813941
1049198655
1242058320
3249394324
1099206073
1566301073
5102558745
1876013145
1907542963
1226321165
1730330447
2185627327
3171364240
1391683621
1823532455
1731769015
1698544230
2350068421
1747913543
1642591402
2282599351
2140585607
2959835822
1911791031
2259289921
1101934040
1689138247
1217383545
1870550483
1843191307
1959480231
3472228360
1835787161
2373564081
1762436132
1236589902
2285418065
2950604120
1076186033
2298796433
6875823258
6863139544
7076898661
6546724651
6558175705
6986197448
5784871681
5713220325
3028091635
6332753242
6599513033
6380086584
3078602854
2733598785
7071661124
6979531463
7030704938
6356919323
6900232482
5587960576
3009923895
5747721089
7077449488
2714109241
6326714155
2462017184
6447867172
5883809055
6047255771
3315710364
7062602038
2882359153
3674616374
6235619004
6601647430
7010228435
6688911005
6369002047
5657802237
6301177349
6978486259
6349701281
6373945972
6766377954
6297473924
5039614701
5152437020
7065759274
5743014944
6810413993
6634214154
2353363015
5646899336
6135107261
1815418641
1863882710
2021596693
1826792401
2099708877
5720474518
1087770692
2649780305
1728650035
1738498871
1805837931
3058754737
5675300793
5456396309
1300957955
5746403289
1730726637
1259110474
5605297685
6047199468
5340023314
2706896955
2619723465
1663559265
2851547981
3101306771
1795196332
1712570933
1794712835
1851770484
2865101843
3167305545
1096778425
2714280233
3974469906
1756505647
1284172980
6044064544
3803127031
1764310194
3316144700
5984691065
1651602690
1814284757
1878206395
1192329374
3440325930
5507169462
1885797120
1605570342
2823738074
3644441127
3622517191
5454806466
2677589285
1713926427
1252103722
1878546883
1796647451
5243061255
1836384951
2141576803
2447680824
1649051112
5404662988
1785402065
3217179555
1737588567
5311984767
1427285614
5157260204
2663051441
2635598932
2855071827
3018218007
1915458005
3630172281
1673323584
1852931021
1644395354
1940798632
2576612330
2508522380
1609648201
1442714335
1848075162
1742566624
1740094442
2169918513
1402620475
1826395011
1418417002
2285808060
2594186795
1862974331
2475326144
1996644105
2561672995
2406169191
2243244911
1739977222
2398050862
1757867047
1862281745
2114385034
2106756007
2014301960
2058501070
1760710390
2639875244
7075882782
7076890597
7076465413
7076656203
7077555168
7076497041
7078862511
7078862744
6193213837
7076991944
7077319328
7078862298
7078291171
7077700591
7076469173
7077370636
5984071079
7075975439
7076886803
3244759847
7076187710
7076079365
7076563944
7077915692
7077115020
5983750637
7075984328
7076614202
7078855340
7077370458
7078860118
7077290038
7077115187
7076047815
7078287737
5724236502
7076068031
7076491029
7076182619
7076988491
7076617061
7078286934
7077509165
7077143024
7075903101
6751350186
7077287818
7077739470
7076884490
5921467918
2850809427
5174400490
3587960280
1773914915
6112650844
2609372811
2723701153
1798396797
1397724893
1853683251
1668149421
2111587917
1497714725
1458849051
6218270864
1255693601
1916864813
6004256129
6367098046
3287598137
1881041895
6228298493
1890443153
1653520707
2835724503
1452977132
6700275696
3694919990
5746884961
2956769713
1913273352
1971315585
6329516992
2951619845
1865901305
1767819164
6241125976
3089478663
1202041202
1622324835
6500729310
5631887780
5679073045
6600591601
5581785513
1912553497
1167420103
1886746573
1953672701
1642500775
2202911004
1972796935
2742196924
2131127430
1720889677
1854000613
1741598591
5845710374
1684669412
1036326782
6475499567
1930976897
1977344415
6563777680
1744186551
6550432447
1682631333
1431840622
2808672971
6252841803
1654988432
2550885753
1853080083
5392718760
2178720103
1213172672
1222330811
2063372471
1685442861
2346090667
3286458180
1610981697
1848820747
6097248903
5632589443
1942841887
1897315345
1197196873
1704089602
1745477701
1882224421
3800478724
1663560595
1791576991
5978831149
5656296353
1806174341
1375418014
3987507971
5792055338
1084765950
6407426882
6351694466
5479992479
1267035120
2489760994
2846382885
2339953802
1745692327
6061301960
1644783434
6257089628
6244515095
5928772680
1195054531
5869834778
3161952870
5446382032
3976752361
5382651212
1283927443
3159857872
1301658874
5700331188
3220414892
5911119623
3800206864
1920214743
3802898310
3052592005
2309255723
1229385395
3239835472
1841543754
1750972611
46754431
1192966660
1664325643
1874064275
3314313317
2432389593
1685952482
1458272587
2024085521
6220414040
5633975304
2966933542
2404097927
1711169957
7078865300
7078292463
1855510030
6297762488
6905949414
2574298520
6268911076
7078860850
7078288090
7078859710
7078858107
5599864524
7078857975
7078286151
2327790382
7078856652
7078856165
7078284200
7078283488
6325979183
6990843970
7078283413
7078283376
7078282933
7078854082
7078853012
7078282489
7078204223
7078281105
5821347697
6627001166
7078277729
7078277361
7078276889
7078848065
5341163156
5288931430
7078274029
7078273318
6165415642
6538289133
2178613922
7078840914
7078839723
5652456250
6399632755
6279734070
7078266725
6509771543
7078835281
6819813329
6447972878
6602800399
2450497170
6250649142
5523451245
6747638755
7035572057
5191297558
5757423160
5116427368
3769133314
7076695598
6871485397
2105411321
1734614763
3097054411
5806833070
6772597438
6995509459
1823571764
5646970603
5874423383
2501968141
1961845025
5866301574
2721684533
5656484557
7073866835
2293598823
2347721974
6015351248
5523129730
5161438916
7039473750
5533278925
6463400399
5394388736
6523937398
7078260558
6001863676
2033739635
6296572784
6590091653
1437950493
7078136758
6437522359
2981591797
5857014994
7042891673
2850809427
5182575519
5743923782
2715025067
1808624312
1701600025
1193491727
1749127163
1392968862
1698233740
1497882593
1898385314
1900093290
1496811344
1650337752
1182391231
1645546774
2317523915
1040482460
1834976237
1721825977
1655204552
1831503841
1900195764
1657776532
1641287674
1690385133
1222713954
1729853157
1569160390
1197890497
1738261305
1649005320
1765373140
1654715720
1233536692
1896624967
1653714227
1550877863
1007343817
1880260687
1863057363
1219795431
1708942053
1890943125
1651079022
1803519527
1042026447
1263837867
1661467601
1187986757
1197161814
1717871843
1869553017
1880096187
1854634307
1257424323
1400882463
1564391452
1748170397
6155368094
1771435704
6660178929
2728491325
5932379770
5839072874
5843616063
6771159927
6893284957
7076787288
6995426860
3649761510
5021550745
2374845492
5455479728
6998542195
6616912517
6031789061
5936760769
6538016326
6017623029
6158608500
6455233732
7078847638
6605169020
6062323163
5311597531
5985270367
6313961638
6482271257
3197267477
7071465709
6294763404
6720862526
5511791264
5631104358
6349534435
7078807010
5247619589
5747587331
2381903354
5993789798
5614387625
5703011416
1448618761
6132582520
1219155630
6620804862
5865561714
6569662637
5443667754
3266943013
6053892459
3816595899
2809041107
1782874742
2268116432
1877509425
1871729063
3237705130
1862928653
2882617115
2715025067
6371852024
1970879995
2803301701
5060167312
2850809427
6336710565
3199748583
1310558290
3941354960
5581785513
5762454887
1892625005
5743923782
6045894747
2748597475
3587960280
3774161214
2556141580
3103993785
1911767681
1686990012
2737798435
2810147604
2653995337
2683897133
2155869303
2489009862
2042047033
1912114287
2245360450
2203911601
1980299871
2167996057
2156418850
2156900580
2164014972
2167503921
2162981444
2162938922
2160678071
2158775915
2156905184
2161401677
2171185321
2003780975
2160684075
2169854255
2169313865
1990599237
2082615577
2043135223
2041697725
2173038604
2166027074
2172148242
2001981217
2171696541
2162437450
1825304583
1688511087
1725171134
1762220541
1782688763
3235175985
1771435704
6660178929
2728491325
6148199624
5932379770
3246118075
6893284957
5638186444
6995426860
2374845492
6341603298
5874423383
6031789061
5689182918
5936760769
6063463636
6164125197
6017623029
7078847638
7077096260
6455233732
7056109785
5985270367
5645680934
7071465709
6820622295
6294763404
3028601213
6680473323
1696487994
6349534435
6857791692
7078807010
5186724388
5247619589
2381903354
6050176502
5703011416
1448618761
6132582520
3889593187
5499047501
5414318783
1219155630
5520921849
7063818066
1669316340
1142411321
3869531128
5743923782
2715025067
3960037780
3044746573
5762454887
1823887605
1749990115
1618051664
2127460165
1893892941
1191262305
1718493627
1644948230
1402977920
2525235360
1973319807
5549605449
1865154537
1851726313
1879192935
1703010470
1747774447
2003217771
3941354960
1880883723
1871729063
2975787954
2810373291
2137271907
1844770327
1655363172
2258727970
1191965271
1935329541
5156632566
1825107551
5969336048
1851774145
1678882014
2075780827
1875088617
3552074150
5166343259
1459507082
6008456989
1974576991
5503968735
1892723783
1784473157
5133090466
5605779473
1847256633
1854563221
1663414103
3624694175
1870688711
1865345137
2842266491
1875379117
2418433987
1862928653
3403473360
1896570242
3937348351
5086478967
5372823773
1768409523
2312126152
5090985947
2748597475
1916627235
1047467705
5240366229
2773481583
3477370701
1958015870
5125808724
3935630939
5097650299
2131582133
3289559057
3449307560
2492779894
3978191482
5050342792
1729332983
2611704881
1823018463
3905092477
1726918143
1852893050
3081964765
1827578857
3175283077
3900044445
1851755225
2752396553
3088143151
1666177401
2611614624
2056473222
1816483987
1747104004
2469083980
2806934982
1928118655
2152024140
1875333245
2007354747
1225314032
3379197282
2088597413
1513934187
2656274875
1659619722
2454123492
2112822270
2088589593
2845177850
2062319503
1699432410
2662515871
1883829311
3060557547
2200585927
1771069505
2672236923
2401858071
1996732767
1847193755
2171392531
2211696575
2483706624
1750422850
1604522082
1911123793
1717840491
2106069951
1824354744
2049424702
1878731813
1220627172
1750775881
2307673785
2436325324
1797762971
1832449305
1855497713
1764044887
2357908275
2728491325
6893284957
5684194489
6028777008
6062323163
6618280098
5229270673
6755602070
3197267477
7071465709
6451609691
6294763404
6218152255
7078807010
5565149852
1563982494
6994110984
5932304477
6589813942
6975002645
7058357634
7058753659
5507407215
6495279392
6968263274
6421205060
6631115683
2911663213
2833879855
6597974260
5068812902
5316363659
5449609625
1698522584
6506975760
5384917282
6024716269
6628020287
6989300443
2844101577
6058113640
5701705328
6485251087
5790120611
5542656867
6014589205
5446813256
6435474185
5913886969
5891252679
1878136331
1747774447
1191965271
1973319807
6728786240
6079550516
2376916624
1907706047
6079900966
5268976954
2271848313
5467852665
5339555851
5086862797
2449767237
3506728370
1707613190
5174400490
5743923782
5762454887
3941354960
5996184614
1459507082
5563089830
6190532921
1850988623
1195054531
6000208460
5208067255
2405882795
1726834811
5186027114
1721030997
2028734565
2831541162
6034707888
2715025067
2850809427
5974856590
5984073530
2748597475
5760257306
1609648201
1878546883
5149658612
2423907245
1642629063
1750067330
3587960280
3044746573
1938311987
2842266491
5545466650
5166343259
1747104004
1784473157
1212641822
1216903164
5262426640
3959225305
2953031917
5887581312
5044281310
1974576991
2611704935
1739746697
1742566624
1708159150
1878134457
5177052315
1973665271
1691724254
5267903798
2138751751
5788345141
1891849065
1865345137
5208625512
5752362615
2418433987
5581785513
3882879808
2056401204
1853565117
3835965033
2975787954
5614523332
2501828122
1887685537
2041959663
2044427781
3624694175
1879192935
2003217771
2463587014
1768409523
2100623570
2738672840
3937348351
1878323355
5515761458
1644948230
1402977920
1709157165
1880883723
1581316265
3695814584
3894391642
1949701212
2155653790
5182575519
1851766841
3237705130
2656274875
3698834761
1901559451
5357651574
3205440600
2812986450
1220739994
2810373291
1699432410
3549643641
1949305184
1605318373
1425008695
3095652627
5131768268
3949597992
5109442873
2735043873
3279827547
1047467705
1904769205
3786137234
3972623000
2815215592
1726918143
2187673104
1644114654
3585650132
1873625985
1875379117
1875333245
1892723783
1998766813
2001981217
2359160964
3265575710
6999205312
5900880136
7042524993
7093723244
5232305934
6972748264
6401646294
5124220687
6060459587
6318024497
6401010023
5561573016
6809297015
6499197896
6532142413
3029059275
6513759105
6221346834
5766561371
6602523106
1974362393
5678666024
5483025161
6042487940
5188242674
6372776352
2092232702
6621126968
6223741535
6934020738
7019930580
6882928304
6869709912
2130581457
3840688213
6274085534
7018052411
6027858353
6445572159
3717712455
7092577084
3248881030
5258425609
6874112097
6762186058
6435250910
7037290211
5699529117
5774005816
6739242031
1878136331
1747774447
1191965271
1973319807
6728786240
6079550516
2376916624
1907706047
6079900966
5268976954
2271848313
5467852665
5339555851
5086862797
2449767237
3506728370
1707613190
5174400490
5743923782
5762454887
3941354960
5996184614
1459507082
5563089830
6190532921
1850988623
1195054531
6000208460
5208067255
2405882795
1726834811
5186027114
1721030997
2028734565
2831541162
6034707888
2715025067
2850809427
5974856590
5984073530
2748597475
5760257306
1609648201
1878546883
5149658612
2423907245
1642629063
1750067330
3587960280
3044746573
1938311987
2842266491
5545466650
5166343259
1747104004
1784473157
1212641822
1216903164
5262426640
3959225305
2953031917
5887581312
5044281310
1974576991
2611704935
1739746697
1742566624
1708159150
1878134457
5177052315
1973665271
1691724254
5267903798
2138751751
5788345141
1891849065
1865345137
5208625512
5752362615
2418433987
5581785513
3882879808
2056401204
1853565117
3835965033
2975787954
5614523332
2501828122
1887685537
2041959663
2044427781
3624694175
1879192935
2003217771
2463587014
1768409523
2100623570
2738672840
3937348351
1878323355
5515761458
1644948230
1402977920
1709157165
1880883723
1581316265
3695814584
3894391642
1949701212
2155653790
5182575519
1851766841
3237705130
2656274875
3698834761
1901559451
5357651574
3205440600
2812986450
1220739994
2810373291
1699432410
3549643641
1949305184
1605318373
1425008695
3095652627
5131768268
3949597992
5109442873
2735043873
2129451435
3279827547
1047467705
1904769205
3786137234
3972623000
2815215592
1726918143
2187673104
1644114654
3585650132
1873625985
1875379117
1875333245
1892723783
1998766813
2001981217
2359160964
3265575710
